520 232 520 232 5.94056 8857
520 248 516 252 5.91848 8857
520 264 516 268 5.87256 9187
520 280 516 288 5.84423 9596
520 296 516 308 5.67661 10676
520 312 516 324 5.57951 12201
520 328 512 344 5.59024 12436
520 344 516 356 5.33608 15407
536 232 540 232 5.92581 8928
536 248 536 248 5.88847 8928
536 264 536 268 5.80843 9348
536 280 532 288 5.78974 9913
536 296 532 308 5.66836 11356
536 312 532 324 5.64987 12421
536 328 532 340 5.61284 13117
536 344 532 356 5.4768 15407
552 232 552 232 5.92476 14838
552 248 552 248 5.87708 8983
552 264 552 268 5.79839 9553
552 280 552 280 5.76054 10413
552 296 548 308 5.7158 11356
552 312 548 324 5.64746 12421
552 328 548 344 5.6371 13117
552 344 548 356 5.42859 15407
568 232 564 232 5.92499 14838
568 248 568 248 5.82475 9166
568 264 568 268 5.76491 9761
568 280 568 280 5.74807 10413
568 296 568 304 5.62838 11308
568 312 564 324 5.59853 12177
568 328 564 344 5.56932 12779
568 344 568 356 5.13343 15755
584 232 584 232 5.92449 13723
584 248 584 248 5.80431 9299
584 264 584 268 5.78203 9575
584 280 584 288 5.76441 10119
584 296 584 304 5.67476 10594
584 312 584 324 5.64723 11325
584 328 584 344 5.62686 12051
584 344 588 360 5.34876 13418
600 232 600 232 5.92452 13723
600 248 600 252 5.80845 9407
600 264 600 268 5.7838 9367
600 280 600 288 5.78423 9733
600 296 600 304 5.67637 10594
600 312 600 324 5.65583 10922
600 328 600 344 5.65398 11449
600 344 600 360 5.35511 12968
616 232 620 232 5.85991 13037
616 248 616 252 5.81558 8921
616 264 620 268 5.79474 9195
616 280 616 288 5.77098 9514
616 296 620 304 5.71117 10093
616 312 616 324 5.68186 10529
616 328 620 344 5.67405 11056
616 344 620 360 5.40769 12383
632 232 632 232 5.9309 8718
632 248 636 252 5.91243 8718
632 264 636 268 5.86169 8886
632 280 636 288 5.83012 9124
632 296 636 308 5.73852 9921
632 312 636 324 5.74046 9921
632 328 636 344 5.70924 10476
632 344 628 356 5.38498 12383
648 264 652 268 5.91967 8704
648 280 652 288 5.89286 8837
648 296 652 304 5.80687 9110
648 312 652 324 5.77673 9450
648 328 656 344 5.71401 9939
648 344 660 360 5.52943 10796
664 232 700 276 5.99152 8427
664 264 668 268 5.97289 8563
664 280 668 284 5.92164 8710
664 296 672 308 5.86416 8872
664 312 672 324 5.82764 9081
664 328 672 344 5.7651 9475
664 344 672 360 5.61884 10282
680 280 680 280 5.96712 8550
680 296 680 296 5.95363 8653
680 312 688 324 5.86774 8845
680 328 688 344 5.78534 9115
696 296 696 296 5.98144 8475
696 312 696 312 5.96836 8581
696 328 708 344 5.89768 8791
712 328 712 328 5.97917 8503
728 328 728 328 5.99193 8350
728 344 724 340 5.97891 8483
96 360 284 368 5.78844 9393
44 312 400 276 5.99396 8380
344 328 332 336 5.97569 8623
344 344 332 352 5.84099 9507
60 312 340 324 5.96545 8661
360 328 336 344 5.9502 8805
360 344 336 360 5.73351 9507
76 312 356 324 5.90857 8761
376 328 352 344 5.8689 8934
376 344 356 360 5.76912 9507
92 280 392 280 5.99737 8264
392 296 380 304 5.82716 8841
392 312 376 324 5.81149 9143
392 328 372 344 5.81833 9403
392 344 372 360 5.62552 10933
08 296 400 304 5.81556 8973
408 312 392 324 5.76197 9800
408 328 388 344 5.79429 9800
408 344 392 360 5.54609 10933
24 280 412 288 5.95382 8633
424 312 420 316 5.75301 10041
424 328 420 332 5.70886 10452
424 344 412 360 5.4501 11731
40 264 428 272 5.96214 8600
440 280 432 288 5.88812 8781
440 328 424 344 5.68035 11042
440 344 424 360 5.43957 12065
456 248 448 252 5.95057 8608
456 264 448 268 5.87095 8821
456 280 448 288 5.8485 8991
456 296 448 304 5.76528 9813
456 312 444 324 5.71682 10539
456 328 444 344 5.69472 11042
456 344 440 360 5.45094 12552
472 248 468 252 5.93017 8690
472 264 468 268 5.88624 8898
472 280 464 288 5.85456 9156
472 312 460 324 5.68802 10641
472 328 460 344 5.67906 11333
488 232 488 232 5.90683 8829
488 248 484 252 5.91486 8829
488 264 484 268 5.8756 9104
488 280 480 288 5.85053 9330
488 296 480 308 5.7418 10295
488 312 480 324 5.60692 11113
488 328 476 344 5.60509 11693
488 344 476 360 5.45386 13283
504 232 504 232 5.94286 8857
504 248 500 252 5.92932 8857
504 264 500 268 5.88908 9104
504 280 496 288 5.82678 9596
504 296 496 304 5.6848 10484
504 312 496 324 5.59315 11386
504 328 496 344 5.58818 12156
504 344 492 360 5.35154 15407
