8 152 112 4 2.21635 9657
8 184 64 148 2.3674 419
8 200 68 172 2.23073 419
8 216 60 196 2.5376 1943
8 56 40 132 2.39399 1412
8 232 60 212 2.4641 1943
136 40 16 236 2.36413 42
136 56 16 252 2.32725 42
152 104 4 68 2.13696 674
40 152 108 232 2.19556 2369
40 40 96 136 2.49421 1233
40 184 84 160 2.31216 419
40 248 92 212 2.30787 2734
40 24 140 100 2.13534 10123
184 200 80 188 2.17783 1445
184 88 4 44 2.21914 64
200 8 188 104 2.30022 751
200 216 44 204 2.25451 287
216 152 32 188 2.18542 70
56 248 28 176 2.2607 1774
56 24 92 120 2.20749 1272
232 184 84 204 2.26524 112
232 232 28 16 2.42332 207
248 136 44 144 2.30998 22
248 152 28 148 2.25203 34
248 200 0 196 2.35157 311
248 56 12 80 2.21241 258
248 88 48 76 2.22619 13
264 136 40 124 2.32854 34
264 232 88 28 2.36987 32
280 216 160 4 2.42751 1798
280 232 160 20 2.36862 1798
280 248 188 204 2.39301 2136
280 24 180 228 2.23077 1439
280 104 124 180 2.14347 935
72 8 92 92 2.46378 1272
72 168 184 160 2.14114 218
72 232 48 160 2.30364 1774
72 248 44 172 2.26233 1774
72 24 104 124 2.33083 1272
72 120 56 112 2.24018 183
296 152 112 136 2.16454 13
296 184 152 116 2.22422 5266
296 216 180 0 2.32559 1798
296 232 16 172 2.24275 249
296 248 20 192 2.35146 249
296 104 148 180 2.23528 935
296 120 116 120 2.24894 54
312 168 124 156 2.1411 132
312 72 96 92 2.3064 13
312 104 124 84 2.12626 13
328 24 120 28 2.27612 30
328 104 140 84 2.262 13
344 168 200 104 2.0673 229
344 232 156 64 2.09986 2278
344 24 136 28 2.26467 30
344 104 160 76 2.23062 13
88 136 32 88 2.18385 517
88 152 28 100 2.18829 517
376 232 16 56 2.08869 19
376 72 152 108 2.15241 922
24 40 84 136 2.47295 1233
24 216 68 196 2.58331 1943
24 248 72 208 2.6004 1943
392 40 72 0 2.32882 134
392 200 16 4 2.39329 3
392 216 12 20 2.36709 3
408 216 36 12 2.61294 0
408 56 20 76 2.33998 773
408 88 4 132 2.26475 773
104 248 172 204 2.18926 941
424 8 132 212 2.36649 504
424 40 0 4 2.51642 807
424 200 48 0 2.58671 0
424 56 60 32 2.32547 479
424 232 44 20 2.50851 7
424 248 188 120 2.35984 4725
440 8 144 200 2.31634 504
440 152 92 224 2.17648 460
440 232 132 244 2.36601 1076
440 248 172 124 2.38429 1920
440 120 48 92 2.15002 613
456 8 124 200 2.44648 4845
456 152 100 220 2.17781 460
456 168 104 240 2.17155 460
456 200 92 252 2.12971 367
456 232 76 24 2.29862 0
456 248 76 36 2.32072 0
456 24 184 44 2.15747 58
472 8 84 144 2.46761 7136
472 184 164 44 2.24019 6018
472 200 164 60 2.2557 6018
472 232 60 52 2.2637 66
472 72 164 128 2.41793 1673
472 88 164 144 2.32401 1673
120 40 0 236 2.33605 42
120 168 144 0 2.13385 1324
120 56 0 252 2.23992 42
120 24 164 160 2.20791 3336
